744.9804433	0.265117595	1.822645291
1013.559322	0.360697268	1.760921844
1061.799218	0.37786449	1.67995992
980.9647979	0.349097793	1.610220441
807.5619296	0.287388587	1.477955912
1300.391134	0.462772646	1.541282565
941.851369	0.335178423	1.433867735
1034.419817	0.368120931	1.462725451
1140.026076	0.40570323	1.458717435
1198.696219	0.426582284	1.450701403
1240.41721	0.441429612	1.40260521
1018.774446	0.362553184	1.380160321
1085.267275	0.386216112	1.367334669
1209.126467	0.430294116	1.34248497
967.9269883	0.344458003	1.319238477
943.1551499	0.335642402	1.303206413
1068.318123	0.380184385	1.27755511
991.3950456	0.352809625	1.255911824
1510.29987	0.537473263	1.376953908
1110.039113	0.395031713	1.203807615
1224.771838	0.435861864	1.214228457
1419.035202	0.504994734	1.270340681
1492.046936	0.530977557	1.245490982
907.9530639	0.323114969	1.168537074
967.9269883	0.344458003	1.106012024
1220.860495	0.434469927	1.131663327
1356.453716	0.482723742	1.097995992
1412.516297	0.502674839	1.188577154
1435.984355	0.511026461	1.141282565
1755.410691	0.624701314	1.281563126
2141.329857	0.762039095	1.261523046
1761.929596	0.627021208	1.093987976
2175.228162	0.774102549	1.118036072
2055.280313	0.731416481	1.052304609
1652.411995	0.588046973	0.990581162
1147.848761	0.408487104	1.000200401
1263.885267	0.449781234	1.014629259
1288.657106	0.458596835	0.911222445
1516.818774	0.539793158	0.85991984
1675.880052	0.596398595	0.852705411
1705.867014	0.607070112	0.873547094
1855.801825	0.660427696	0.802204409
1705.867014	0.607070112	0.711623246
1782.790091	0.634444872	0.729258517
1842.764016	0.655787906	0.685170341
2136.114733	0.760183179	0.662725451
2052.672751	0.730488523	0.83507014
1896.219035	0.674811045	0.939278557
2788.005215	0.992172674	0.60260521
2810.169492	1.000060317	0.610621242